2301612
669
1303
2281845
662
486907
4630153
1801131
1801133
8179183
1800435
231775
1051931
2476601
324981
6647
28938169
713598
11461
1494558
1051740
11276
1042714
11556045
12948217
13551
283413
2066702
11053646
11739136
854560
26722
3751143
1137100
1137101
2293869
1799807
5744168
3732379
1799864
4986790
4986791
144848
4961
1049564
3807153
1805018
751229
10246939
1799983
2234922
213950
1044498
1726866
17292650
3737787
1050565
4673
203462
2230806
6165
6166
2032582
820878
1801725
351855
6046
1169288
8176058
4253527
10151259
2300929
5882
324420
3087456
7076156
2070075
1042602
1799999
2238472
1800450
2227564
1566734
1494555
7732671
1801265
7775
2236225
328
6025
16879498
1061170
2303067
1801275
1801270
1800449
2073711
709932
2073658
6133
11258194
861539
1169305
